Altitude: 0.000
Longtitude: -27.495998
Latitude: 153.001140
Time: 07:50:46.00